0000000000000800
0000000002000000
015000120500000000
57301100000000000
14500000000000000
120000000000001600
0000000060000500
0000000000020000
0000800000000000
0050000200000000
00140000000000008
00000000000000916
000000000005041613
000000001301500070
00000013000000000
00160000000000000
1111000011110000
1111000011110000
1111000011110000
1111000011110000
0000111100001111
0000111100001111
0000111100001111
0000111100001111
1111000011110000
1111000011110000
1111000011110000
1111000011110000
0000111100001111
0000111100001111
0000111100001111
0000111100001111
No
0 1
2 18
3 4
3 19
8 7
10 11
11 27
14 13
15 31
17 18
18 19
20 36
22 6
22 21
22 6
23 7
23 7
24 8
24 8
25 26
28 44
29 45
31 30
32 48
34 18
34 18
35 51
43 27
43 27
44 45
46 62
51 52
55 54
56 40
56 72
56 40
58 57
59 58
60 59
62 63
67 83
68 69
68 67
69 70
69 85
71 87
73 89
75 91
77 76
79 78
82 98
83 82
84 68
84 68
88 87
89 90
91 90
92 91
95 94
97 81
97 81
98 97
101 102
101 100
101 117
104 88
104 120
104 88
107 108
112 128
114 113
115 114
120 136
121 120
124 140
125 109
125 109
126 125
127 111
127 111
129 128
130 146
131 115
131 147
131 115
134 118
134 118
135 134
139 140
140 156
144 160
145 144
147 163
149 165
152 153
153 154
154 155
155 171
156 155
157 156
158 157
159 175
163 179
164 148
164 148
165 181
166 165
167 166
169 168
170 154
170 154
172 156
172 156
174 173
175 174
179 195
180 164
180 196
180 164
182 166
182 198
182 166
184 185
185 186
186 170
186 170
187 186
192 176
192 176
198 214
199 200
210 209
211 212
215 199
215 199
217 233
218 217
221 222
225 209
225 209
227 211
227 228
227 211
233 234
234 235
235 251
236 220
236 220
237 253
239 238
243 244
245 244
247 246
249 248
250 249
251 250
