0000000000000800
0000000002000000
0F000C0500000000
5730B00000000000
E500000000000000
C000000000000G00
0000000060000500
0000000000020000
0000800000000000
0050000200000000
00E0000000000008
000000000000009G
00000000000504GD
00000000D0F00070
000000D000000000
00G0000000000000
1111000011110000
1111000011110000
1111000011110000
1111000011110000
0000111100001111
0000111100001111
0000111100001111
0000111100001111
1111000011110000
1111000011110000
1111000011110000
1111000011110000
0000111100001111
0000111100001111
0000111100001111
0000111100001111
No
32 48
247 246
180 196
145 144
97 81
187 186
10 11
18 19
167 166
23 7
15 31
83 82
135 134
71 87
121 120
175 174
55 54
157 156
131 115
153 154
29 45
115 114
3 19
91 90
185 186
82 98
182 198
249 248
169 168
227 228
88 87
58 57
239 238
77 76
28 44
0 1
22 6
69 70
92 91
117 116
215 199
221 222
227 211
84 68
165 181
134 118
8 7
124 140
45 61
104 88
251 250
101 117
243 244
20 36
125 109
237 253
225 209
112 128
56 40
127 111
179 195
217 233
104 120
236 220
245 244
130 146
234 235
139 140
154 155
159 175
43 27
163 179
101 100
101 102
98 97
75 91
172 156
3 4
156 155
11 27
182 166
25 26
59 58
114 113
192 176
34 18
51 52
158 157
126 125
95 94
210 209
170 154
164 148
67 83
218 217
17 18
199 200
174 173
180 164
152 153
186 170
62 63
184 185
56 72
89 90
31 30
235 251
198 214
155 171
107 108
231 232
2 18
144 160
60 59
22 21
24 8
68 67
100 84
211 212
44 45
129 128
233 234
73 89
140 156
147 163
85 69
46 62
68 69
120 136
14 13
250 249
131 147
149 165
35 51
79 78
166 165
