000000000
000000000
000000000
000000000
000000000
000000000
000000000
000000000
000000000
111000111
111000111
111000111
000111000
000111000
000111000
111000111
111000111
111000111
No
0 1
3 12
7 8
9 18
10 1
10 1
13 22
14 5
14 13
14 5
15 16
16 7
16 17
16 25
16 7
17 8
17 8
20 19
22 23
25 24
26 25
27 28
27 36
29 28
32 31
35 34
35 44
37 28
37 46
37 28
38 29
38 47
38 29
39 48
40 31
40 31
41 32
41 50
41 32
42 43
43 34
43 34
44 43
44 53
48 49
49 40
49 40
50 49
52 53
58 59
62 71
63 72
65 64
67 58
67 66
67 58
68 59
68 59
69 60
69 60
70 69
71 70
71 80
73 64
73 64
74 65
74 65
76 67
76 77
76 67
77 68
77 68
79 70
79 70
