000000000
000000000
000000000
000000000
000000000
000000000
000000000
000000000
000000000
111000111
111000111
111000111
000111000
000111000
000111000
111000111
111000111
111000111
No
0 1
1 2
2 11
3 4
3 12
5 4
6 7
6 15
7 8
7 16
8 17
9 0
9 10
9 18
9 0
10 1
10 11
10 1
12 21
13 4
13 12
13 22
13 4
14 5
14 13
14 23
14 5
15 16
16 25
17 16
19 10
19 20
19 18
19 10
20 11
20 11
22 23
22 21
24 15
24 25
24 15
26 17
26 25
26 17
28 27
28 37
29 28
30 31
30 39
32 31
33 42
34 33
35 34
35 44
36 27
36 37
36 45
36 27
37 46
38 29
38 37
38 47
38 29
40 31
40 39
40 31
41 32
41 40
41 50
41 32
42 51
43 34
43 44
43 42
43 34
46 47
46 45
48 39
48 49
48 39
49 40
49 50
49 40
52 43
52 53
52 51
52 43
53 44
53 44
54 55
54 63
55 64
56 55
56 65
57 58
57 66
59 58
59 68
60 61
60 69
61 62
63 64
65 64
67 58
67 68
67 66
67 58
68 77
69 70
69 78
70 61
70 79
70 61
71 62
71 70
71 80
71 62
72 63
72 63
73 64
73 74
73 72
73 64
74 65
74 65
75 66
75 66
76 67
76 77
76 75
76 67
79 78
80 79
