000000000
000000000
000000000
000000000
000000000
000000000
000000000
000000000
000000000
111000111
111000111
111000111
000111000
000111000
000111000
111000111
111000111
111000111
No
4 5
4 13
8 17
9 0
9 0
12 13
14 5
14 5
16 7
16 7
17 16
18 9
18 9
19 10
19 18
19 28
19 10
20 19
21 30
22 21
23 14
23 14
24 25
24 23
26 25
31 22
31 22
32 31
34 43
36 37
38 39
42 43
42 51
43 44
44 35
44 35
45 36
45 54
45 36
47 48
48 57
49 40
49 40
51 60
52 51
52 61
53 44
53 62
53 44
54 63
55 46
55 56
55 46
57 58
59 60
59 58
64 55
64 63
64 55
67 76
70 61
70 61
74 65
74 73
74 65
75 76
76 77
